Asset,Open,Close,Operation_Time,Buy_Quantity,Sell_Quantity,Side,Buy_Price,Sell_Price,Market_Price,Operation_Result,Interval_Result_ticks,Accumulated_Total,Day_Total,Date,BT_Operation,BT_Buy_Price,BT_Sell_Price,BT_Operation_Result,Buy_slippage,Sell_slippage,Total_Slippage,finDiff
WINQ24,07/08/2024 10:03,07/08/2024 10:16,00:13:24,1,1,C,127305,127085,133510,-44,-220,-44,-44,07/08/2024,Compra,127300,127095,-41,-5,10,5,3
WINQ24,07/08/2024 10:58,07/08/2024 11:00,00:01:45,1,1,V,127485,127610,133510,25,125,-19,-19,07/08/2024,Venda,127480,127600,24,-5,-10,-15,-1
WINQ24,07/08/2024 11:02,07/08/2024 11:15,00:12:59,1,1,C,127400,127200,133510,-40,-200,-59,-59,07/08/2024,Compra,127400,127195,-41,0,-5,-5,-1
WINQ24,07/08/2024 12:51,07/08/2024 13:43,00:51:09,1,1,V,127205,127300,133510,19,95,-40,-40,07/08/2024,Venda,127200,127300,20,-5,0,-5,1
WINQ24,07/08/2024 13:50,07/08/2024 14:09,00:19:50,1,1,C,127115,126890,133510,-45,-225,-85,-85,07/08/2024,Compra,127100,126895,-41,-15,5,-10,4
WINQ24,07/08/2024 15:00,07/08/2024 15:06,00:05:48,1,1,V,126990,127095,133510,21,105,-64,-64,07/08/2024,Venda,126985,127100,23,-5,5,0,2
WINQ24,07/08/2024 15:07,07/08/2024 15:10,00:02:40,1,1,C,126900,127000,133510,20,100,-44,-44,07/08/2024,Compra,126900,127000,20,0,0,0,0
WINQ24,07/08/2024 15:26,07/08/2024 15:58,00:32:20,1,1,V,127300,127095,133510,-41,-205,-85,-85,07/08/2024,Venda,127305,127100,-41,5,5,10,0
WINQ24,08/08/2024 09:30,08/08/2024 09:40,00:09:26,1,1,V,127795,127895,133510,20,100,-65,20,08/08/2024,Venda,127785,127900,23,-10,5,-5,3
WINQ24,08/08/2024 09:48,08/08/2024 10:03,00:15:14,1,1,C,127710,127890,133510,36,180,-29,56,08/08/2024,Compra,127700,127900,40,-10,10,0,4
WINQ24,08/08/2024 10:05,08/08/2024 10:10,00:04:34,1,1,V,127845,128005,133510,32,160,3,88,08/08/2024,Venda,127845,128000,31,0,-5,-5,-1
WINQ24,08/08/2024 10:12,08/08/2024 10:21,00:08:56,1,1,C,127810,127965,133510,31,155,34,119,08/08/2024,Compra,127800,127970,34,-10,5,-5,3
WINQ24,08/08/2024 10:21,08/08/2024 10:30,00:09:29,1,1,V,127980,127995,133510,3,15,37,122,08/08/2024,Venda,127970,128000,6,-10,5,-5,3
WINQ24,08/08/2024 10:44,08/08/2024 10:46,00:02:06,1,1,C,128105,128185,133510,16,80,53,138,08/08/2024,Compra,128100,128190,18,-5,5,0,2
WINQ24,08/08/2024 10:46,08/08/2024 10:46,00:00:02,1,1,V,128195,128200,133510,1,5,54,139,08/08/2024,Venda,128190,128200,2,-5,0,-5,1
WINQ24,08/08/2024 15:51,08/08/2024 17:39,01:47:27,1,1,C,128800,129050,133510,50,250,104,189,08/08/2024,Compra,128800,129060,52,0,10,10,2
WINQ24,09/08/2024 09:29,09/08/2024 09:30,00:00:46,1,1,V,129010,129040,133510,6,30,110,6,09/08/2024,Venda,129005,129035,6,-5,-5,-10,0
WINQ24,09/08/2024 10:27,09/08/2024 10:42,00:14:15,1,1,C,129540,129330,133510,-42,-210,68,-36,09/08/2024,Compra,129535,129330,-41,-5,0,-5,1
WINQ24,09/08/2024 11:25,09/08/2024 11:42,00:16:50,1,1,V,129735,129530,133510,-41,-205,27,-77,09/08/2024,Venda,129740,129535,-41,5,5,10,0
WINQ24,09/08/2024 14:42,09/08/2024 17:10,02:28:14,1,1,C,130540,130900,133510,72,360,99,-5,09/08/2024,Compra,130535,130910,75,-5,10,5,3
WINQ24,09/08/2024 17:12,09/08/2024 17:50,00:37:54,1,1,V,131090,130930,133510,-32,-160,67,-37,09/08/2024,Venda,131140,130935,-41,50,5,55,-9
WINQ24,12/08/2024 09:06,12/08/2024 09:41,00:34:52,1,1,V,131605,131395,133510,-42,-210,25,-42,12/08/2024,Venda,131605,131400,-41,0,5,5,1
WINQ24,12/08/2024 10:07,12/08/2024 10:59,00:52:09,1,1,C,131505,131295,133510,-42,-210,-17,-84,12/08/2024,Compra,131500,131295,-41,-5,0,-5,1
WINQ24,12/08/2024 13:55,12/08/2024 14:00,00:05:33,1,1,V,131605,131790,133510,37,185,20,-47,12/08/2024,Venda,131600,131800,40,-5,10,5,3
WINQ24,12/08/2024 14:46,12/08/2024 15:09,00:23:16,1,1,C,131520,131300,133510,-44,-220,-24,-91,12/08/2024,Compra,131500,131295,-41,-20,-5,-25,3
WINQ24,13/08/2024 10:18,13/08/2024 10:26,00:07:48,1,1,C,131830,132125,133510,59,295,35,59,13/08/2024,Compra,131820,132120,60,-10,-5,-15,1
WINQ24,13/08/2024 10:44,13/08/2024 10:54,00:10:00,1,1,V,132130,132225,133510,19,95,54,78,13/08/2024,Venda,132120,132220,20,-10,-5,-15,1
WINQ24,13/08/2024 11:00,13/08/2024 11:00,00:00:20,1,1,C,132135,132195,133510,12,60,66,90,13/08/2024,Compra,132120,132200,16,-15,5,-10,4
WINQ24,13/08/2024 11:00,13/08/2024 11:00,00:00:01,1,1,V,132200,132205,133510,1,5,67,91,13/08/2024,Venda,132190,132220,6,-10,15,5,5
WINQ24,13/08/2024 11:22,13/08/2024 13:52,02:29:50,1,1,C,132130,132330,133510,40,200,107,131,13/08/2024,Compra,132120,132320,40,-10,-10,-20,0
WINQ24,13/08/2024 13:52,13/08/2024 14:11,00:18:09,1,1,V,132240,132415,133510,35,175,142,166,13/08/2024,Venda,132230,132420,38,-10,5,-5,3
WINQ24,13/08/2024 14:11,13/08/2024 14:18,00:07:21,1,1,C,132230,132365,133510,27,135,169,193,13/08/2024,Compra,132220,132370,30,-10,5,-5,3
WINQ24,13/08/2024 14:19,13/08/2024 14:54,00:34:35,1,1,V,132390,132410,133510,4,20,173,197,13/08/2024,Venda,132385,132420,7,-5,10,5,3
WINQ24,13/08/2024 14:57,13/08/2024 15:39,00:41:45,1,1,C,132325,132505,133510,36,180,209,233,13/08/2024,Compra,132320,132520,40,-5,15,10,4
WINV24,15/08/2024 09:34,15/08/2024 09:52,00:18:07,1,1,C,135530,135720,136205,38,190,247,38,15/08/2024,Compra,135510,135720,42,-20,0,-20,4
WINV24,15/08/2024 09:54,15/08/2024 10:06,00:11:45,1,1,V,135700,135810,136205,22,110,269,60,15/08/2024,Venda,135695,135810,23,-5,0,-5,1
WINV24,15/08/2024 10:12,15/08/2024 10:13,00:01:19,1,1,C,135715,135805,136205,18,90,287,78,15/08/2024,Compra,135710,135810,20,-5,5,0,2
WINV24,15/08/2024 10:13,15/08/2024 10:13,00:00:01,1,1,V,135815,135805,136205,-2,-10,285,76,15/08/2024,Venda,135805,135810,1,-10,5,-5,3
WINV24,15/08/2024 10:15,15/08/2024 10:16,00:01:45,1,1,C,135705,135855,136205,30,150,315,106,15/08/2024,Compra,135710,135860,30,5,5,10,0
WINV24,15/08/2024 10:17,15/08/2024 10:20,00:02:30,1,1,V,135820,135910,136205,18,90,333,124,15/08/2024,Venda,135810,135910,20,-10,0,-10,2
WINV24,15/08/2024 10:28,15/08/2024 10:30,00:01:30,1,1,C,135815,135870,136205,11,55,344,135,15/08/2024,Compra,135810,135875,13,-5,5,0,2
WINV24,15/08/2024 10:32,15/08/2024 10:32,00:00:30,1,1,V,135860,135910,136205,10,50,354,145,15/08/2024,Venda,135855,135910,11,-5,0,-5,1
WINV24,15/08/2024 10:33,15/08/2024 10:34,00:00:56,1,1,C,135815,135905,136205,18,90,372,163,15/08/2024,Compra,135810,135910,20,-5,5,0,2
WINV24,15/08/2024 10:36,15/08/2024 10:44,00:07:53,1,1,V,136210,136015,136205,-39,-195,333,124,15/08/2024,Venda,136215,136010,-41,5,-5,0,-2
WINV24,15/08/2024 15:13,15/08/2024 15:22,00:09:37,1,1,C,136515,136300,136205,-43,-215,290,81,15/08/2024,Compra,136510,136305,-41,-5,5,0,2
WINV24,16/08/2024 09:16,16/08/2024 09:36,00:19:31,1,1,V,136900,136690,136205,-42,-210,248,-42,16/08/2024,Venda,136905,136700,-41,5,10,15,1
WINV24,16/08/2024 10:42,16/08/2024 11:19,00:37:25,1,1,C,136810,136595,136205,-43,-215,205,-85,16/08/2024,Compra,136800,136595,-41,-10,0,-10,2
WINV24,16/08/2024 13:11,16/08/2024 14:20,01:09:25,1,1,V,136405,136590,136205,37,185,242,-48,16/08/2024,Venda,136400,136600,40,-5,10,5,3
WINV24,16/08/2024 14:20,16/08/2024 14:27,00:06:31,1,1,C,136405,136200,136205,-41,-205,201,-89,16/08/2024,Compra,136400,136195,-41,-5,-5,-10,0
WINV24,19/08/2024 15:06,19/08/2024 15:57,00:50:38,1,1,C,138160,137955,138765,-41,-205,160,-41,19/08/2024,Compra,138155,137950,-41,-5,-5,-10,0
WINV24,20/08/2024 09:55,20/08/2024 10:13,00:17:07,1,1,V,138055,138140,138765,17,85,177,17,20/08/2024,Venda,138055,138150,19,0,10,10,2
WINV24,20/08/2024 10:15,20/08/2024 10:30,00:15:42,1,1,C,138055,137850,138765,-41,-205,136,-24,20/08/2024,Compra,138050,137845,-41,-5,-5,-10,0
WINV24,20/08/2024 12:04,20/08/2024 13:06,01:02:32,1,1,V,138055,137845,138765,-42,-210,94,-66,20/08/2024,Venda,138055,137850,-41,0,5,5,1
WINV24,20/08/2024 16:57,20/08/2024 17:28,00:30:19,1,1,C,138250,138365,138765,23,115,117,-43,20/08/2024,Compra,138250,138375,25,0,10,10,2
WINV24,20/08/2024 17:32,20/08/2024 17:50,00:17:58,1,1,V,138475,138440,138765,-7,-35,110,-50,20/08/2024,Venda,138350,138450,20,-125,10,-115,27
WINV24,21/08/2024 10:01,21/08/2024 10:23,00:22:33,1,1,C,138600,138780,138765,36,180,146,36,21/08/2024,Compra,138590,138785,39,-10,5,-5,3
WINV24,21/08/2024 10:24,21/08/2024 10:32,00:07:29,1,1,V,138795,138885,138765,18,90,164,54,21/08/2024,Venda,138790,138890,20,-5,5,0,2
WINV24,21/08/2024 10:36,21/08/2024 10:44,00:08:30,1,1,C,138795,138935,138765,28,140,192,82,21/08/2024,Compra,138790,138945,31,-5,10,5,3
WINV24,21/08/2024 10:50,21/08/2024 10:57,00:07:29,1,1,V,138905,138985,138765,16,80,208,98,21/08/2024,Venda,138905,138990,17,0,5,5,1
WINV24,21/08/2024 10:57,21/08/2024 11:06,00:09:04,1,1,C,138905,138705,138765,-40,-200,168,58,21/08/2024,Compra,138890,138685,-41,-15,-20,-35,-1
WINV24,21/08/2024 15:10,21/08/2024 17:50,02:39:55,1,1,V,138725,138690,138765,-7,-35,161,51,21/08/2024,Venda,138765,138690,-15,40,0,40,-8
WINV24,22/08/2024 10:48,22/08/2024 10:55,00:07:21,1,1,V,137765,137920,137750,31,155,192,31,22/08/2024,Venda,137755,137925,34,-10,5,-5,3
WINV24,22/08/2024 10:56,22/08/2024 11:00,00:04:34,1,1,C,137730,137790,137750,12,60,204,43,22/08/2024,Compra,137725,137795,14,-5,5,0,2
WINV24,22/08/2024 11:01,22/08/2024 11:04,00:03:52,1,1,V,137735,137815,137750,16,80,220,59,22/08/2024,Venda,137730,137825,19,-5,10,5,3
WINV24,22/08/2024 11:04,22/08/2024 11:05,00:00:52,1,1,C,137735,137735,137750,0,0,220,59,22/08/2024,Compra,137725,137745,4,-10,10,0,4
WINV24,22/08/2024 11:56,22/08/2024 12:11,00:14:45,1,1,V,137435,137720,137750,57,285,277,116,22/08/2024,Venda,137425,137725,60,-10,5,-5,3
WINV24,22/08/2024 12:11,22/08/2024 12:30,00:19:04,1,1,C,137435,137220,137750,-43,-215,234,73,22/08/2024,Compra,137425,137220,-41,-10,0,-10,2
WINV24,22/08/2024 13:39,22/08/2024 14:33,00:53:37,1,1,V,136895,137215,137750,64,320,298,137,22/08/2024,Venda,136895,137225,66,0,10,10,2
WINV24,22/08/2024 14:33,22/08/2024 14:41,00:08:01,1,1,C,136835,136910,137750,15,75,313,152,22/08/2024,Compra,136825,136920,19,-10,10,0,4
WINV24,22/08/2024 14:46,22/08/2024 15:46,01:00:12,1,1,V,137125,136915,137750,-42,-210,271,110,22/08/2024,Venda,137130,136925,-41,5,10,15,1
WINV24,23/08/2024 09:29,23/08/2024 10:20,00:51:41,1,1,C,137670,137855,137750,37,185,308,37,23/08/2024,Compra,137660,137860,40,-10,5,-5,3
WINV24,23/08/2024 11:00,23/08/2024 11:04,00:04:16,1,1,V,137970,137740,137750,-46,-230,262,-9,23/08/2024,Venda,137965,137760,-41,-5,20,15,5
WINV24,23/08/2024 11:51,23/08/2024 11:56,00:05:07,1,1,C,137965,138150,137750,37,185,299,28,23/08/2024,Compra,137960,138160,40,-5,10,5,3
WINV24,23/08/2024 11:58,23/08/2024 12:03,00:05:19,1,1,V,138465,138250,137750,-43,-215,256,-15,23/08/2024,Venda,138465,138260,-41,0,10,10,2
WINV24,23/08/2024 12:14,23/08/2024 12:14,00:00:20,1,1,C,138275,138350,137750,15,75,271,0,23/08/2024,Compra,138260,138350,18,-15,0,-15,3
WINV24,23/08/2024 12:14,23/08/2024 12:30,00:15:20,1,1,V,138365,138350,137750,-3,-15,268,-3,23/08/2024,Venda,138360,138360,0,-5,10,5,3
WINV24,23/08/2024 12:49,23/08/2024 13:07,00:17:50,1,1,C,138270,138060,137750,-42,-210,226,-45,23/08/2024,Compra,138260,138055,-41,-10,-5,-15,1
WINV24,26/08/2024 10:09,26/08/2024 10:35,00:25:34,1,1,C,137890,138055,138810,33,165,259,33,26/08/2024,Compra,137865,138065,40,-25,10,-15,7
WINV24,26/08/2024 10:36,26/08/2024 10:38,00:02:37,1,1,V,138355,138165,138810,-38,-190,221,-5,26/08/2024,Venda,138370,138165,-41,15,0,15,-3
WINV24,26/08/2024 11:38,26/08/2024 11:43,00:05:36,1,1,C,138560,138360,138810,-40,-200,181,-45,26/08/2024,Compra,138565,138360,-41,5,0,5,-1
WINV24,26/08/2024 13:28,26/08/2024 14:12,00:43:48,1,1,V,138870,138655,138810,-43,-215,138,-88,26/08/2024,Venda,138870,138665,-41,0,10,10,2
WINV24,27/08/2024 09:05,27/08/2024 09:07,00:02:55,1,1,V,138830,138945,138810,23,115,161,23,27/08/2024,Venda,138830,138950,24,0,5,5,1
WINV24,27/08/2024 09:19,27/08/2024 09:29,00:10:15,1,1,C,138750,138955,138810,41,205,202,64,27/08/2024,Compra,138750,138960,42,0,5,5,1
WINV24,27/08/2024 09:41,27/08/2024 10:00,00:19:12,1,1,V,138885,139035,138810,30,150,232,94,27/08/2024,Venda,138890,139050,32,5,15,20,2
WINV24,27/08/2024 10:00,27/08/2024 10:20,00:19:36,1,1,C,138845,138640,138810,-41,-205,191,53,27/08/2024,Compra,138850,138645,-41,5,5,10,0
WINV24,27/08/2024 11:22,27/08/2024 11:29,00:07:06,1,1,V,139060,138840,138810,-44,-220,147,9,27/08/2024,Venda,139055,138850,-41,-5,10,5,3
WINV24,27/08/2024 12:37,27/08/2024 15:31,02:54:52,1,1,C,138755,138945,138810,38,190,185,47,27/08/2024,Compra,138750,138950,40,-5,5,0,2
WINV24,27/08/2024 16:11,27/08/2024 16:41,00:30:27,1,1,V,138820,138940,138810,24,120,209,71,27/08/2024,Venda,138815,138950,27,-5,10,5,3
WINV24,27/08/2024 17:01,27/08/2024 17:50,00:48:36,1,1,C,138755,138635,138810,-24,-120,185,47,27/08/2024,Compra,138750,138625,-25,-5,-10,-15,-1
WINV24,28/08/2024 10:21,28/08/2024 10:23,00:01:23,1,1,V,137875,137970,131360,19,95,204,19,28/08/2024,Venda,137875,137960,17,0,-10,-10,-2
WINV24,28/08/2024 10:23,28/08/2024 10:23,00:00:07,1,1,C,137870,137875,131360,1,5,205,20,28/08/2024,Compra,137860,137880,4,-10,5,-5,3
WINV24,28/08/2024 10:25,28/08/2024 10:30,00:04:46,1,1,V,137800,137920,131360,24,120,229,44,28/08/2024,Venda,137795,137960,33,-5,40,35,9
WINV24,28/08/2024 10:30,28/08/2024 10:36,00:06:07,1,1,C,137775,137550,131360,-45,-225,184,-1,28/08/2024,Compra,137760,137555,-41,-15,5,-10,4
WINV24,28/08/2024 10:43,28/08/2024 11:10,00:26:35,1,1,V,138070,137860,131360,-42,-210,142,-43,28/08/2024,Venda,138065,137860,-41,-5,0,-5,1
WINV24,28/08/2024 12:25,28/08/2024 12:36,00:10:52,1,1,C,138165,138375,131360,42,210,184,-1,28/08/2024,Compra,138160,138385,45,-5,10,5,3
WINV24,28/08/2024 12:38,28/08/2024 13:07,00:29:20,1,1,V,138370,138450,131360,16,80,200,15,28/08/2024,Venda,138360,138460,20,-10,10,0,4
WINV24,28/08/2024 13:20,28/08/2024 13:31,00:11:01,1,1,C,138365,138455,131360,18,90,218,33,28/08/2024,Compra,138360,138455,19,-5,0,-5,1
WINV24,28/08/2024 13:31,28/08/2024 13:36,00:04:24,1,1,V,138450,138455,131360,1,5,219,34,28/08/2024,Venda,138440,138460,4,-10,5,-5,3
WINV24,28/08/2024 14:54,28/08/2024 15:21,00:27:29,1,1,C,138645,138755,131360,22,110,241,56,28/08/2024,Compra,138660,138760,20,15,5,20,-2
WINV24,28/08/2024 15:23,28/08/2024 15:33,00:09:14,1,1,V,138695,138855,131360,32,160,273,88,28/08/2024,Venda,138695,138860,33,0,5,5,1
WINV24,28/08/2024 15:33,28/08/2024 15:40,00:06:51,1,1,C,138665,138795,131360,26,130,299,114,28/08/2024,Compra,138660,138795,27,-5,0,-5,1
WINV24,28/08/2024 15:56,28/08/2024 16:00,00:03:48,1,1,V,139060,138855,131360,-41,-205,258,73,28/08/2024,Venda,139065,138860,-41,5,5,10,0
WINV24,28/08/2024 17:01,28/08/2024 17:50,00:48:41,1,1,C,139065,139005,131360,-12,-60,246,61,28/08/2024,Compra,139060,139165,21,-5,160,155,33
WINV24,29/08/2024 09:16,29/08/2024 09:49,00:33:01,1,1,C,139120,138910,131360,-42,-210,204,-42,29/08/2024,Compra,139115,138910,-41,-5,0,-5,1
WINV24,29/08/2024 10:55,29/08/2024 11:02,00:06:20,1,1,V,138230,138415,131360,37,185,241,-5,29/08/2024,Venda,138225,138415,38,-5,0,-5,1
WINV24,29/08/2024 11:02,29/08/2024 11:02,00:00:03,1,1,C,138225,138245,131360,4,20,245,-1,29/08/2024,Compra,138215,138250,7,-10,5,-5,3
WINV24,29/08/2024 11:02,29/08/2024 11:14,00:11:33,1,1,V,138145,138310,131360,33,165,278,32,29/08/2024,Venda,138135,138315,36,-10,5,-5,3
WINV24,29/08/2024 11:21,29/08/2024 11:30,00:08:44,1,1,C,138115,137915,131360,-40,-200,238,-8,29/08/2024,Compra,138115,137910,-41,0,-5,-5,-1
WINV24,29/08/2024 13:56,29/08/2024 14:02,00:05:47,1,1,V,137580,137615,131360,7,35,245,-1,29/08/2024,Venda,137555,137615,12,-25,0,-25,5
WINV24,29/08/2024 17:11,29/08/2024 17:50,00:38:06,1,1,C,137625,137570,131360,-11,-55,234,-12,29/08/2024,Compra,137615,137410,-41,-10,-160,-170,-30
WINV24,30/08/2024 09:05,30/08/2024 09:41,00:35:52,1,1,C,137505,137280,131360,-45,-225,189,-45,30/08/2024,Compra,137500,137295,-41,-5,15,10,4
WINV24,30/08/2024 10:16,30/08/2024 10:24,00:08:21,1,1,V,136520,136790,131360,54,270,243,9,30/08/2024,Venda,136505,136800,59,-15,10,-5,5
WINV24,30/08/2024 10:24,30/08/2024 10:24,00:00:06,1,1,C,136515,136540,131360,5,25,248,14,30/08/2024,Compra,136500,136545,9,-15,5,-10,4
WINV24,30/08/2024 10:25,30/08/2024 10:34,00:08:42,1,1,V,136815,136595,131360,-44,-220,204,-30,30/08/2024,Venda,136805,136600,-41,-10,5,-5,3
WINV24,30/08/2024 12:31,30/08/2024 12:50,00:19:07,1,1,C,137610,137405,131360,-41,-205,163,-71,30/08/2024,Compra,137600,137395,-41,-10,-10,-20,0
WINV24,30/08/2024 16:45,30/08/2024 16:50,00:05:07,1,1,V,137305,137095,131360,-42,-210,121,-113,30/08/2024,Venda,137305,137100,-41,0,5,5,1
WINV24,30/08/2024 17:09,30/08/2024 17:10,00:00:58,1,1,C,138095,138175,131360,16,80,137,-97,30/08/2024,Compra,138100,138190,18,5,15,20,2
WINV24,30/08/2024 17:10,30/08/2024 17:10,00:00:10,1,1,V,138450,138200,131360,-50,-250,87,-147,30/08/2024,Venda,138405,138200,-41,-45,0,-45,9
WINV24,30/08/2024 17:10,30/08/2024 17:11,00:00:41,1,1,C,138505,138295,131360,-42,-210,45,-189,30/08/2024,Compra,138500,138295,-41,-5,0,-5,1
WINV24,02/09/2024 09:14,02/09/2024 09:16,00:01:56,1,1,V,137455,137230,131360,-45,-225,0,-45,02/09/2024,Venda,137455,137250,-41,0,20,20,4
WINV24,02/09/2024 10:11,02/09/2024 10:14,00:02:10,1,1,C,136945,137040,131360,19,95,19,-26,02/09/2024,Compra,136950,137045,19,5,5,10,0
WINV24,02/09/2024 10:38,02/09/2024 10:43,00:04:51,1,1,V,136505,136745,131360,48,240,67,22,02/09/2024,Venda,136500,136750,50,-5,5,0,2
WINV24,02/09/2024 10:43,02/09/2024 11:00,00:16:23,1,1,C,136455,136240,131360,-43,-215,24,-21,02/09/2024,Compra,136450,136245,-41,-5,5,0,2
WINV24,02/09/2024 11:25,02/09/2024 11:54,00:29:09,1,1,V,136555,136345,131360,-42,-210,-18,-63,02/09/2024,Venda,136555,136350,-41,0,5,5,1
WINV24,02/09/2024 16:48,02/09/2024 17:50,01:01:07,1,1,C,136450,136400,131360,-10,-50,-28,-73,02/09/2024,Compra,136450,136245,-41,0,-155,-155,-31
WINV24,03/09/2024 09:03,03/09/2024 09:10,00:07:07,1,1,V,136315,136085,131360,-46,-230,-74,-46,03/09/2024,Venda,136300,136095,-41,-15,10,-5,5
WINV24,03/09/2024 10:36,03/09/2024 10:52,00:16:32,1,1,C,136300,136080,131360,-44,-220,-118,-90,03/09/2024,Compra,136295,136090,-41,-5,10,5,3
WINV24,03/09/2024 11:21,03/09/2024 11:25,00:04:50,1,1,V,136315,136085,131360,-46,-230,-164,-136,03/09/2024,Venda,136300,136095,-41,-15,10,-5,5
WINV24,03/09/2024 12:00,03/09/2024 12:08,00:07:38,1,1,C,136100,136275,131360,35,175,-129,-101,03/09/2024,Compra,136095,136295,40,-5,20,15,5
WINV24,03/09/2024 13:22,03/09/2024 13:42,00:19:28,1,1,V,136055,136105,131360,10,50,-119,-91,03/09/2024,Venda,136045,136095,10,-10,-10,-20,0
WINV24,03/09/2024 13:48,03/09/2024 14:01,00:13:09,1,1,C,136005,136085,131360,16,80,-103,-75,03/09/2024,Compra,135995,136090,19,-10,5,-5,3
WINV24,03/09/2024 14:01,03/09/2024 14:24,00:22:27,1,1,V,136300,136085,131360,-43,-215,-146,-118,03/09/2024,Venda,136300,136095,-41,0,10,10,2
WINV24,03/09/2024 15:02,03/09/2024 16:39,01:37:10,1,1,C,136000,135795,131360,-41,-205,-187,-159,03/09/2024,Compra,135995,135790,-41,-5,-5,-10,0
WINV24,04/09/2024 11:17,04/09/2024 11:44,00:26:26,1,1,C,137685,138045,131360,72,360,-115,72,04/09/2024,Compra,137680,138055,75,-5,10,5,3
WINV24,04/09/2024 11:44,04/09/2024 11:47,00:02:39,1,1,V,138015,138070,131360,11,55,-104,83,04/09/2024,Venda,138010,138080,14,-5,10,5,3
WINV24,04/09/2024 12:48,04/09/2024 13:04,00:16:27,1,1,C,138190,137980,131360,-42,-210,-146,41,04/09/2024,Compra,138180,137975,-41,-10,-5,-15,1
WINV24,04/09/2024 16:18,04/09/2024 16:54,00:36:09,1,1,V,138000,138170,131360,34,170,-112,75,04/09/2024,Venda,137995,138180,37,-5,10,5,3
WINV24,04/09/2024 16:55,04/09/2024 17:03,00:08:42,1,1,C,137990,137775,131360,-43,-215,-155,32,04/09/2024,Compra,137980,137775,-41,-10,0,-10,2
WINV24,05/09/2024 09:02,05/09/2024 09:04,00:02:18,1,1,V,138250,138030,131360,-44,-220,-199,-44,05/09/2024,Venda,138255,138050,-41,5,20,25,3
WINV24,05/09/2024 09:08,05/09/2024 09:34,00:25:59,1,1,C,137855,137660,131360,-39,-195,-238,-83,05/09/2024,Compra,137850,137645,-41,-5,-15,-20,-2
WINV24,05/09/2024 10:18,05/09/2024 10:21,00:03:11,1,1,V,137660,137465,131360,-39,-195,-277,-122,05/09/2024,Venda,137655,137450,-41,-5,-15,-20,-2
WINV24,05/09/2024 10:58,05/09/2024 11:01,00:03:17,1,1,C,137665,137855,131360,38,190,-239,-84,05/09/2024,Compra,137650,137865,43,-15,10,-5,5
WINV24,05/09/2024 13:25,05/09/2024 13:59,00:33:33,1,1,V,138055,137850,131360,-41,-205,-280,-125,05/09/2024,Venda,138055,137850,-41,0,0,0,0
WINV24,05/09/2024 14:37,05/09/2024 15:21,00:43:59,1,1,C,137850,137945,131360,19,95,-261,-106,05/09/2024,Compra,137850,137945,19,0,0,0,0
WINV24,05/09/2024 15:49,05/09/2024 15:58,00:08:31,1,1,V,137890,137940,131360,10,50,-251,-96,05/09/2024,Venda,137880,137950,14,-10,10,0,4
WINV24,05/09/2024 16:00,05/09/2024 16:02,00:01:41,1,1,C,137855,137905,131360,10,50,-241,-86,05/09/2024,Compra,137850,137915,13,-5,10,5,3
WINV24,05/09/2024 16:02,05/09/2024 16:34,00:32:14,1,1,V,138155,137940,131360,-43,-215,-284,-129,05/09/2024,Venda,138155,137950,-41,0,10,10,2
WINV24,06/09/2024 09:30,06/09/2024 09:30,00:00:02,1,1,V,138485,138260,131360,-45,-225,-329,-45,06/09/2024,Venda,138005,137800,-41,-480,-460,-940,4
WINV24,06/09/2024 09:30,06/09/2024 09:32,00:01:32,1,1,C,138205,138440,131360,47,235,-282,2,06/09/2024,Compra,138200,138400,40,-5,-40,-45,-7
WINV24,06/09/2024 09:33,06/09/2024 09:36,00:02:22,1,1,V,138720,138520,131360,-40,-200,-322,-38,06/09/2024,Venda,138705,138500,-41,-15,-20,-35,-1
WINV24,06/09/2024 09:45,06/09/2024 09:50,00:05:40,1,1,C,138510,138300,131360,-42,-210,-364,-80,06/09/2024,Compra,138500,138295,-41,-10,-5,-15,1
WINV24,06/09/2024 10:14,06/09/2024 10:17,00:02:21,1,1,V,137790,138085,131360,59,295,-305,-21,06/09/2024,Venda,137805,138100,59,15,15,30,0
WINV24,06/09/2024 10:17,06/09/2024 10:19,00:01:42,1,1,C,137705,137490,131360,-43,-215,-348,-64,06/09/2024,Compra,137700,137495,-41,-5,5,0,2
WINV24,06/09/2024 10:24,06/09/2024 10:27,00:03:15,1,1,V,137800,137590,131360,-42,-210,-390,-106,06/09/2024,Venda,137805,137600,-41,5,10,15,1
WINV24,06/09/2024 10:39,06/09/2024 10:42,00:03:03,1,1,C,137605,137415,131360,-38,-190,-428,-144,06/09/2024,Compra,137600,137395,-41,-5,-20,-25,-3
WINV24,06/09/2024 10:52,06/09/2024 10:54,00:02:03,1,1,V,137530,137685,131360,31,155,-397,-113,06/09/2024,Venda,137540,137700,32,10,15,25,1
WINV24,06/09/2024 10:55,06/09/2024 11:05,00:10:28,1,1,C,137510,137295,131360,-43,-215,-440,-156,06/09/2024,Compra,137500,137295,-41,-10,0,-10,2
WINV24,06/09/2024 11:22,06/09/2024 11:25,00:02:43,1,1,V,137310,137500,131360,38,190,-402,-118,06/09/2024,Venda,137300,137500,40,-10,0,-10,2
WINV24,06/09/2024 11:30,06/09/2024 11:34,00:04:38,1,1,C,137170,136990,131360,-36,-180,-438,-154,06/09/2024,Compra,137200,136995,-41,30,5,35,-5
WINV24,06/09/2024 12:00,06/09/2024 12:17,00:16:15,1,1,V,136605,136985,131360,76,380,-362,-78,06/09/2024,Venda,136600,137000,80,-5,15,10,4
WINV24,06/09/2024 12:18,06/09/2024 12:45,00:27:16,1,1,C,136510,136300,131360,-42,-210,-404,-120,06/09/2024,Compra,136500,136295,-41,-10,-5,-15,1
WINV24,06/09/2024 14:10,06/09/2024 14:29,00:18:59,1,1,V,136055,136300,131360,49,245,-355,-71,06/09/2024,Venda,136040,136300,52,-15,0,-15,3
WINV24,06/09/2024 14:38,06/09/2024 14:43,00:04:30,1,1,C,136005,136075,131360,14,70,-341,-57,06/09/2024,Compra,136000,136080,16,-5,5,0,2
WINV24,06/09/2024 15:49,06/09/2024 17:29,01:40:15,1,1,V,135780,136100,131360,64,320,-277,7,06/09/2024,Venda,135770,136100,66,-10,0,-10,2
WINV24,10/09/2024 09:04,10/09/2024 09:22,00:18:02,1,1,V,135735,136025,131360,58,290,-219,58,10/09/2024,Venda,135745,136040,59,10,15,25,1
WINV24,10/09/2024 09:24,10/09/2024 09:32,00:07:51,1,1,C,135650,135435,131360,-43,-215,-262,15,10/09/2024,Compra,135640,135435,-41,-10,0,-10,2
WINV24,10/09/2024 10:18,10/09/2024 10:50,00:32:04,1,1,V,135450,135630,131360,36,180,-226,51,10/09/2024,Venda,135440,135640,40,-10,10,0,4
WINV24,10/09/2024 10:54,10/09/2024 11:01,00:06:51,1,1,C,135360,135135,131360,-45,-225,-271,6,10/09/2024,Compra,135340,135135,-41,-20,0,-20,4
WINV24,10/09/2024 11:50,10/09/2024 14:34,02:44:49,1,1,V,135145,135330,131360,37,185,-234,43,10/09/2024,Venda,135140,135340,40,-5,10,5,3
WINV24,13/09/2024 09:03,13/09/2024 09:06,00:03:03,1,1,V,135270,135445,131360,35,175,-199,35,13/09/2024,Venda,135280,135450,34,10,5,15,-1
WINV24,13/09/2024 09:06,13/09/2024 09:19,00:12:55,1,1,C,135255,135345,131360,18,90,-181,53,13/09/2024,Compra,135250,135350,20,-5,5,0,2
WINV24,13/09/2024 09:24,13/09/2024 09:55,00:30:22,1,1,V,135565,135345,131360,-44,-220,-225,9,13/09/2024,Venda,135555,135350,-41,-10,5,-5,3
WINV24,13/09/2024 11:05,13/09/2024 11:11,00:05:49,1,1,C,136765,136540,131360,-45,-225,-270,-36,13/09/2024,Compra,136750,136545,-41,-15,5,-10,4
WINV24,13/09/2024 11:44,13/09/2024 11:45,00:01:07,1,1,V,136940,137045,131360,21,105,-249,-15,13/09/2024,Venda,136935,137050,23,-5,5,0,2
WINV24,13/09/2024 12:15,13/09/2024 12:30,00:15:34,1,1,C,136855,136645,131360,-42,-210,-291,-57,13/09/2024,Compra,136850,136645,-41,-5,0,-5,1
WINV24,13/09/2024 16:22,13/09/2024 17:50,01:27:05,1,1,V,136065,136140,131360,15,75,-276,-42,13/09/2024,Venda,136015,136150,27,-50,10,-40,12
WINV24,16/09/2024 10:42,16/09/2024 10:45,00:02:49,1,1,C,136660,136435,131360,-45,-225,-321,-45,16/09/2024,Compra,136640,136435,-41,-20,0,-20,4
WINV24,16/09/2024 14:52,16/09/2024 17:50,02:57:08,1,1,V,136345,136235,131360,-22,-110,-343,-67,16/09/2024,Venda,136255,136240,-3,-90,5,-85,19
WINV24,17/09/2024 09:35,17/09/2024 09:38,00:03:01,1,1,C,136260,136045,131360,-43,-215,-386,-43,17/09/2024,Compra,136250,136045,-41,-10,0,-10,2
WINV24,17/09/2024 11:01,17/09/2024 11:10,00:09:02,1,1,V,135660,135460,131360,-40,-200,-426,-83,17/09/2024,Venda,135655,135450,-41,-5,-10,-15,-1
WINV24,17/09/2024 11:59,17/09/2024 12:02,00:03:29,1,1,C,135460,135585,131360,25,125,-401,-58,17/09/2024,Compra,135450,135545,19,-10,-40,-50,-6
WINV24,17/09/2024 12:02,17/09/2024 12:25,00:23:14,1,1,V,135755,135575,131360,-36,-180,-437,-94,17/09/2024,Venda,135755,135550,-41,0,-25,-25,-5
WINV24,17/09/2024 14:22,17/09/2024 14:52,00:29:29,1,1,C,135455,135545,131360,18,90,-419,-76,17/09/2024,Compra,135450,135550,20,-5,5,0,2
WINV24,17/09/2024 14:56,17/09/2024 15:00,00:03:44,1,1,V,135855,135650,131360,-41,-205,-460,-117,17/09/2024,Venda,135855,135650,-41,0,0,0,0
WINV24,18/09/2024 09:06,18/09/2024 09:10,00:03:56,1,1,C,135945,135735,131360,-42,-210,-502,-42,18/09/2024,Compra,135940,135735,-41,-5,0,-5,1
WINV24,18/09/2024 10:20,18/09/2024 10:23,00:03:24,1,1,V,135860,135635,131360,-45,-225,-547,-87,18/09/2024,Venda,135845,135640,-41,-15,5,-10,4
WINV24,18/09/2024 10:36,18/09/2024 10:39,00:03:09,1,1,C,135535,135340,131360,-39,-195,-586,-126,18/09/2024,Compra,135540,135335,-41,5,-5,0,-2
WINV24,18/09/2024 10:55,18/09/2024 11:16,00:21:15,1,1,V,135250,135430,131360,36,180,-550,-90,18/09/2024,Venda,135240,135440,40,-10,10,0,4
WINV24,18/09/2024 11:20,18/09/2024 12:11,00:50:56,1,1,C,135140,134975,131360,-33,-165,-583,-123,18/09/2024,Compra,135140,134935,-41,0,-40,-40,-8
WINV24,18/09/2024 13:26,18/09/2024 14:33,01:06:33,1,1,V,135345,135130,131360,-43,-215,-626,-166,18/09/2024,Venda,135345,135140,-41,0,10,10,2
WINV24,18/09/2024 14:59,18/09/2024 14:59,00:00:03,1,1,C,135290,135330,131360,8,40,-618,-158,18/09/2024,Compra,135040,135040,0,-250,-290,-540,-8
WINV24,18/09/2024 14:59,18/09/2024 15:00,00:01:08,1,1,C,135340,135725,131360,77,385,-541,-81,18/09/2024,Compra,135040,135640,120,-300,-85,-385,43
WINV24,18/09/2024 15:00,18/09/2024 15:00,00:00:01,1,1,C,135820,135750,131360,-14,-70,-555,-95,18/09/2024,Compra,135640,135775,27,-180,25,-155,41
WINV24,18/09/2024 15:00,18/09/2024 15:00,00:00:07,2,2,V,135870,135785,131360,-34,-85,-589,-129,18/09/2024,Venda,135830,135840,2,-40,55,15,36
WINV24,18/09/2024 15:00,18/09/2024 15:00,00:00:11,1,1,V,136020,136125,131360,21,105,-568,-108,18/09/2024,Venda,136245,136040,-41,225,-85,140,-62
WINV24,18/09/2024 15:00,18/09/2024 15:01,00:00:11,1,1,C,136065,136015,131360,-10,-50,-578,-118,18/09/2024,Compra,135940,136165,45,-125,150,25,55
WINV24,18/09/2024 15:01,18/09/2024 15:01,00:00:34,1,1,V,136145,135985,131360,-32,-160,-610,-150,18/09/2024,Venda,136140,136240,20,-5,255,250,52
WINV24,18/09/2024 15:16,18/09/2024 15:32,00:16:01,1,1,V,136055,135820,131360,-47,-235,-657,-197,18/09/2024,Venda,136045,135840,-41,-10,20,10,6
WINV24,18/09/2024 15:42,18/09/2024 15:44,00:01:54,1,1,C,135840,135640,131360,-40,-200,-697,-237,18/09/2024,Compra,135840,135635,-41,0,-5,-5,-1
WINV24,18/09/2024 16:11,18/09/2024 16:38,00:27:16,1,1,V,134945,135115,131360,34,170,-663,-203,18/09/2024,Venda,134935,135140,41,-10,25,15,7
WINV24,18/09/2024 16:40,18/09/2024 17:03,00:22:17,1,1,C,134855,134640,131360,-43,-215,-706,-246,18/09/2024,Compra,134840,134635,-41,-15,-5,-20,2
WINV24,18/09/2024 17:33,18/09/2024 17:46,00:12:57,1,1,V,134650,134835,131360,37,185,-669,-209,18/09/2024,Venda,134640,134840,40,-10,5,-5,3
WINV24,19/09/2024 09:00,19/09/2024 09:00,00:00:02,1,1,C,135735,135695,131360,-8,-40,-677,-8,19/09/2024,Compra,135750,135785,7,15,90,105,15
WINV24,19/09/2024 09:00,19/09/2024 09:00,00:00:03,1,1,V,135560,135735,131360,35,175,-642,27,19/09/2024,Venda,135850,135750,-20,290,15,305,-55
WINV24,19/09/2024 09:02,19/09/2024 09:04,00:02:03,1,1,V,136040,135840,131360,-40,-200,-682,-13,19/09/2024,Venda,136055,135850,-41,15,10,25,-1
WINV24,19/09/2024 09:16,19/09/2024 09:19,00:02:56,1,1,C,135860,136110,131360,50,250,-632,37,19/09/2024,Compra,135850,136115,53,-10,5,-5,3
WINV24,19/09/2024 09:19,19/09/2024 09:21,00:02:03,1,1,V,136055,136140,131360,17,85,-615,54,19/09/2024,Venda,136050,136150,20,-5,10,5,3
WINV24,19/09/2024 09:27,19/09/2024 09:32,00:04:32,1,1,C,135955,135740,131360,-43,-215,-658,11,19/09/2024,Compra,135950,135745,-41,-5,5,0,2
WINV24,19/09/2024 10:15,19/09/2024 10:18,00:03:17,1,1,V,135405,135550,131360,29,145,-629,40,19/09/2024,Venda,135410,135550,28,5,0,5,-1
WINV24,19/09/2024 10:20,19/09/2024 10:20,00:00:09,1,1,C,135400,135475,131360,15,75,-614,55,19/09/2024,Compra,135350,135450,20,-50,-25,-75,5
WINV24,19/09/2024 10:20,19/09/2024 10:21,00:01:31,1,1,V,135650,135475,131360,-35,-175,-649,20,19/09/2024,Venda,135655,135450,-41,5,-25,-20,-6
WINV24,19/09/2024 10:31,19/09/2024 10:31,00:00:35,1,1,C,135375,135155,131360,-44,-220,-693,-24,19/09/2024,Compra,135350,135145,-41,-25,-10,-35,3
WINV24,19/09/2024 11:01,19/09/2024 11:03,00:01:02,1,1,V,134870,134960,131360,18,90,-675,-6,19/09/2024,Venda,134860,134950,18,-10,-10,-20,0
WINV24,19/09/2024 11:03,19/09/2024 11:03,00:00:10,1,1,C,134865,134880,131360,3,15,-672,-3,19/09/2024,Compra,134850,134880,6,-15,0,-15,3
WINV24,19/09/2024 11:04,19/09/2024 11:16,00:12:15,1,1,V,134760,134945,131360,37,185,-635,34,19/09/2024,Venda,134750,134950,40,-10,5,-5,3
WINV24,19/09/2024 11:24,19/09/2024 11:30,00:05:50,1,1,C,134670,134435,131360,-47,-235,-682,-13,19/09/2024,Compra,134650,134445,-41,-20,10,-10,6
WINV24,19/09/2024 11:48,19/09/2024 12:05,00:16:55,1,1,V,134765,134540,131360,-45,-225,-727,-58,19/09/2024,Venda,134755,134550,-41,-10,10,0,4
WINV24,19/09/2024 14:50,19/09/2024 14:56,00:05:29,1,1,C,134465,134275,131360,-38,-190,-765,-96,19/09/2024,Compra,134450,134245,-41,-15,-30,-45,-3
WINV24,19/09/2024 15:54,19/09/2024 16:20,00:26:31,1,1,V,134215,134435,131360,44,220,-721,-52,19/09/2024,Venda,134205,134450,49,-10,15,5,5
WINV24,19/09/2024 16:39,19/09/2024 17:08,00:28:49,1,1,C,134155,133950,131360,-41,-205,-762,-93,19/09/2024,Compra,134150,133945,-41,-5,-5,-10,0
WINV24,20/09/2024 09:05,20/09/2024 09:50,00:45:37,1,1,V,133705,133895,131360,38,190,-724,38,20/09/2024,Venda,133740,133940,40,35,45,80,2
WINV24,20/09/2024 09:51,20/09/2024 09:53,00:01:34,1,1,C,133660,133845,131360,37,185,-687,75,20/09/2024,Compra,133640,133840,40,-20,-5,-25,3
WINV24,20/09/2024 09:57,20/09/2024 10:06,00:08:42,1,1,V,133715,133930,131360,43,215,-644,118,20/09/2024,Venda,133710,133940,46,-5,10,5,3
WINV24,20/09/2024 10:06,20/09/2024 10:07,00:00:50,1,1,C,133645,133730,131360,17,85,-627,135,20/09/2024,Compra,133640,133740,20,-5,10,5,3
WINV24,20/09/2024 10:08,20/09/2024 10:10,00:01:47,1,1,V,134035,133875,131360,-32,-160,-659,103,20/09/2024,Venda,134045,133840,-41,10,-35,-25,-9
WINV24,20/09/2024 10:20,20/09/2024 10:21,00:01:13,1,1,C,133750,133535,131360,-43,-215,-702,60,20/09/2024,Compra,133740,133535,-41,-10,0,-10,2
WINV24,20/09/2024 10:23,20/09/2024 10:33,00:10:34,1,1,V,133640,133825,131360,37,185,-665,97,20/09/2024,Venda,133640,133840,40,0,15,15,3
WINV24,20/09/2024 10:34,20/09/2024 10:36,00:01:52,1,1,C,133495,133340,131360,-31,-155,-696,66,20/09/2024,Compra,133540,133335,-41,45,-5,40,-10
WINV24,20/09/2024 12:55,20/09/2024 13:11,00:16:45,1,1,V,132360,132630,131360,54,270,-642,120,20/09/2024,Venda,132350,132640,58,-10,10,0,4
WINV24,20/09/2024 13:11,20/09/2024 13:13,00:01:13,1,1,C,132350,132395,131360,9,45,-633,129,20/09/2024,Compra,132340,132400,12,-10,5,-5,3
WINV24,20/09/2024 13:36,20/09/2024 13:50,00:14:03,1,1,V,132330,132440,131360,22,110,-611,151,20/09/2024,Venda,132325,132440,23,-5,0,-5,1
WINV24,20/09/2024 13:53,20/09/2024 14:23,00:30:43,1,1,C,132245,132045,131360,-40,-200,-651,111,20/09/2024,Compra,132240,132035,-41,-5,-10,-15,-1
WINV24,20/09/2024 15:34,20/09/2024 16:41,01:06:48,1,1,V,132035,131825,131360,-42,-210,-693,69,20/09/2024,Venda,132045,131840,-41,10,15,25,1
WINV24,23/09/2024 09:03,23/09/2024 09:04,00:01:35,1,1,V,130895,131185,131360,58,290,-635,58,23/09/2024,Venda,130900,131200,60,5,15,20,2
WINV24,23/09/2024 10:30,23/09/2024 10:32,00:02:25,1,1,C,131190,131330,131360,28,140,-607,86,23/09/2024,Compra,131200,131325,25,10,-5,5,-3
WINV24,23/09/2024 10:32,23/09/2024 10:35,00:02:35,1,1,V,131640,131370,131360,-54,-270,-661,32,23/09/2024,Venda,131605,131400,-41,-35,30,-5,13
WINV24,23/09/2024 10:53,23/09/2024 11:08,00:15:28,1,1,C,131315,131115,131360,-40,-200,-701,-8,23/09/2024,Compra,131300,131095,-41,-15,-20,-35,-1
WINV24,23/09/2024 11:48,23/09/2024 11:55,00:07:21,1,1,V,131505,131315,131360,-38,-190,-739,-46,23/09/2024,Venda,131505,131300,-41,0,-15,-15,-3
WINV24,23/09/2024 13:14,23/09/2024 14:34,01:20:44,1,1,C,131310,131455,131360,29,145,-710,-17,23/09/2024,Compra,131300,131465,33,-10,10,0,4
WINV24,23/09/2024 14:35,23/09/2024 15:11,00:36:36,1,1,V,131410,131495,131360,17,85,-693,0,23/09/2024,Venda,131375,131500,25,-35,5,-30,8
WINV24,23/09/2024 15:23,23/09/2024 15:34,00:10:31,1,1,C,131310,131405,131360,19,95,-674,19,23/09/2024,Compra,131300,131420,24,-10,15,5,5
WINV24,24/09/2024 09:17,24/09/2024 09:50,00:32:23,1,1,C,132595,133090,132210,99,495,-575,99,24/09/2024,Compra,132590,133125,107,-5,35,30,8
WINV24,24/09/2024 09:52,24/09/2024 09:59,00:07:33,1,1,V,133115,133200,132210,17,85,-558,116,24/09/2024,Venda,133095,133190,19,-20,-10,-30,2
WINV24,24/09/2024 09:59,24/09/2024 10:00,00:00:41,1,1,C,133100,133170,132210,14,70,-544,130,24/09/2024,Compra,133090,133185,19,-10,15,5,5
WINV24,24/09/2024 10:00,24/09/2024 10:00,00:00:01,1,1,V,133180,133170,132210,-2,-10,-546,128,24/09/2024,Venda,133185,133190,1,5,20,25,3
WINV24,24/09/2024 10:01,24/09/2024 10:15,00:14:29,1,1,C,133100,132895,132210,-41,-205,-587,87,24/09/2024,Compra,133090,132885,-41,-10,-10,-20,0
WINV24,24/09/2024 10:34,24/09/2024 10:37,00:02:45,1,1,V,133575,133375,132210,-40,-200,-627,47,24/09/2024,Venda,133595,133390,-41,20,15,35,-1
WINV24,24/09/2024 10:52,24/09/2024 10:56,00:03:54,1,1,C,133675,133485,132210,-38,-190,-665,9,24/09/2024,Compra,133690,133485,-41,15,0,15,-3
WINV24,24/09/2024 12:54,24/09/2024 13:48,00:54:40,1,1,V,133100,132870,132210,-46,-230,-711,-37,24/09/2024,Venda,133095,132890,-41,-5,20,15,5
WINV24,24/09/2024 16:40,24/09/2024 17:50,01:09:01,1,1,C,132895,132905,132210,2,10,-709,-35,24/09/2024,Compra,132890,132900,2,-5,-5,-10,0
WINV24,01/10/2024 09:04,01/10/2024 09:09,00:04:55,1,1,V,132830,132640,132210,-38,-190,-747,-38,01/10/2024,Venda,132850,132645,-41,20,5,25,-3
WINV24,01/10/2024 10:12,01/10/2024 10:18,00:05:50,1,1,C,132845,133100,132210,51,255,-696,13,01/10/2024,Compra,132845,133105,52,0,5,5,1
WINV24,01/10/2024 10:18,01/10/2024 10:25,00:06:45,1,1,V,133050,133140,132210,18,90,-678,31,01/10/2024,Venda,133045,133145,20,-5,5,0,2
WINV24,01/10/2024 10:28,01/10/2024 10:33,00:04:26,1,1,C,132955,133145,132210,38,190,-640,69,01/10/2024,Compra,132945,133145,40,-10,0,-10,2
WINV24,01/10/2024 10:33,01/10/2024 10:35,00:01:15,1,1,V,133050,133235,132210,37,185,-603,106,01/10/2024,Venda,133045,133245,40,-5,10,5,3
WINV24,01/10/2024 10:35,01/10/2024 10:39,00:03:50,1,1,C,132940,132685,132210,-51,-255,-654,55,01/10/2024,Compra,132945,132740,-41,5,55,60,10
WINV24,01/10/2024 10:46,01/10/2024 10:48,00:02:18,1,1,V,132655,132835,132210,36,180,-618,91,01/10/2024,Venda,132645,132845,40,-10,10,0,4
WINV24,01/10/2024 11:10,01/10/2024 11:14,00:03:39,1,1,C,133045,133195,132210,30,150,-588,121,01/10/2024,Compra,133045,133205,32,0,10,10,2
WINV24,01/10/2024 11:15,01/10/2024 11:15,00:00:43,1,1,V,133165,133235,132210,14,70,-574,135,01/10/2024,Venda,133165,133245,16,0,10,10,2
WINV24,01/10/2024 11:30,01/10/2024 11:36,00:05:54,1,1,C,133250,133450,132210,40,200,-534,175,01/10/2024,Compra,133245,133445,40,-5,-5,-10,0
WINV24,01/10/2024 11:40,01/10/2024 11:56,00:16:13,1,1,V,133455,133535,132210,16,80,-518,191,01/10/2024,Venda,133460,133545,17,5,10,15,1
WINV24,01/10/2024 12:08,01/10/2024 12:20,00:12:06,1,1,C,133450,133655,132210,41,205,-477,232,01/10/2024,Compra,133445,133645,40,-5,-10,-15,-1
WINV24,01/10/2024 12:25,01/10/2024 12:39,00:14:04,1,1,V,133945,133740,132210,-41,-205,-518,191,01/10/2024,Venda,133950,133745,-41,5,5,10,0
WINV24,01/10/2024 13:31,01/10/2024 13:54,00:22:53,1,1,C,133740,133925,132210,37,185,-481,228,01/10/2024,Compra,133745,133945,40,5,20,25,3
WINV24,02/10/2024 09:25,02/10/2024 09:29,00:04:05,1,1,C,134020,134355,132210,67,335,-414,67,02/10/2024,Compra,134020,134400,76,0,45,45,9
WINV24,02/10/2024 09:29,02/10/2024 09:30,00:00:16,1,1,V,134330,134380,132210,10,50,-404,77,02/10/2024,Venda,134325,134420,19,-5,40,35,9
WINV24,02/10/2024 10:15,02/10/2024 10:19,00:04:48,1,1,C,134830,135180,132210,70,350,-334,147,02/10/2024,Compra,134820,135230,82,-10,50,40,12
WINV24,02/10/2024 10:24,02/10/2024 10:24,00:00:09,1,1,V,135275,135250,132210,-5,-25,-339,142,02/10/2024,Venda,135230,135320,18,-45,70,25,23
WINV24,02/10/2024 10:25,02/10/2024 10:28,00:03:01,1,1,C,135225,135305,132210,16,80,-323,158,02/10/2024,Compra,135220,135310,18,-5,5,0,2
WINV24,02/10/2024 10:29,02/10/2024 10:29,00:00:01,1,1,V,135290,135320,132210,6,30,-317,164,02/10/2024,Venda,135310,135320,2,20,0,20,-4
WINV24,02/10/2024 10:32,02/10/2024 10:43,00:10:17,1,1,C,135235,135000,132210,-47,-235,-364,117,02/10/2024,Compra,135220,135015,-41,-15,15,0,6
WINV24,02/10/2024 11:11,02/10/2024 11:19,00:07:41,1,1,V,135205,135420,132210,43,215,-321,160,02/10/2024,Venda,135200,135420,44,-5,0,-5,1
WINV24,02/10/2024 11:27,02/10/2024 11:35,00:08:05,1,1,C,135130,134920,132210,-42,-210,-363,118,02/10/2024,Compra,135120,134915,-41,-10,-5,-15,1
WINV24,02/10/2024 12:36,02/10/2024 13:07,00:30:45,1,1,V,134920,134710,132210,-42,-210,-405,76,02/10/2024,Venda,134925,134720,-41,5,10,15,1
WINV24,02/10/2024 14:15,02/10/2024 15:20,01:05:43,1,1,C,134530,134315,132210,-43,-215,-448,33,02/10/2024,Compra,134520,134315,-41,-10,0,-10,2
WINV24,02/10/2024 16:45,02/10/2024 17:50,01:04:21,1,1,V,134180,134110,132210,-14,-70,-462,19,02/10/2024,Venda,134140,134120,-4,-40,10,-30,10
WINV24,04/10/2024 09:00,04/10/2024 09:01,00:00:19,1,1,C,132315,132120,132210,-39,-195,-501,-39,04/10/2024,Compra,132350,132145,-41,35,25,60,-2
WINV24,04/10/2024 09:23,04/10/2024 09:25,00:01:57,1,1,V,131865,132055,132210,38,190,-463,-1,04/10/2024,Venda,131860,132050,38,-5,-5,-10,0
WINV24,04/10/2024 09:25,04/10/2024 09:25,00:00:09,1,1,C,131855,131905,132210,10,50,-453,9,04/10/2024,Compra,131850,131915,13,-5,10,5,3
WINV24,04/10/2024 09:26,04/10/2024 09:26,00:00:09,1,1,V,131880,131940,132210,12,60,-441,21,04/10/2024,Venda,131875,131950,15,-5,10,5,3
WINV24,04/10/2024 09:26,04/10/2024 09:27,00:00:41,1,1,C,131855,131905,132210,10,50,-431,31,04/10/2024,Compra,131850,131910,12,-5,5,0,2
WINV24,04/10/2024 09:27,04/10/2024 09:29,00:01:42,1,1,V,131870,131950,132210,16,80,-415,47,04/10/2024,Venda,131860,131950,18,-10,0,-10,2
WINV24,04/10/2024 09:29,04/10/2024 09:29,00:00:11,1,1,C,131875,131960,132210,17,85,-398,64,04/10/2024,Compra,131850,131890,8,-25,-70,-95,-9
WINV24,04/10/2024 09:29,04/10/2024 09:30,00:00:22,1,1,V,132130,131950,132210,-36,-180,-434,28,04/10/2024,Venda,132155,131950,-41,25,0,25,-5
WINV24,04/10/2024 09:30,04/10/2024 09:30,00:00:03,1,1,C,131900,131755,132210,-29,-145,-463,-1,04/10/2024,Compra,131950,132070,24,50,315,365,53
WINV24,04/10/2024 09:35,04/10/2024 09:41,00:05:57,1,1,V,131450,131645,132210,39,195,-424,38,04/10/2024,Venda,131440,131650,42,-10,5,-5,3
WINV24,04/10/2024 09:46,04/10/2024 09:47,00:00:40,1,1,C,131455,131490,132210,7,35,-417,45,04/10/2024,Compra,131450,131525,15,-5,35,30,8
WINV24,04/10/2024 09:47,04/10/2024 09:57,00:09:38,1,1,V,131460,131540,132210,16,80,-401,61,04/10/2024,Venda,131450,131550,20,-10,10,0,4
WINV24,04/10/2024 10:30,04/10/2024 10:35,00:04:38,1,1,C,131655,131845,132210,38,190,-363,99,04/10/2024,Compra,131650,131850,40,-5,5,0,2
WINV24,04/10/2024 10:38,04/10/2024 10:42,00:04:02,1,1,V,132150,131935,132210,-43,-215,-406,56,04/10/2024,Venda,132155,131950,-41,5,15,20,2
WINV24,04/10/2024 10:52,04/10/2024 11:06,00:13:12,1,1,C,131865,132050,132210,37,185,-369,93,04/10/2024,Compra,131850,132060,42,-15,10,-5,5
WINV24,04/10/2024 11:13,04/10/2024 11:27,00:13:46,1,1,V,132060,132145,132210,17,85,-352,110,04/10/2024,Venda,132050,132150,20,-10,5,-5,3
WINV24,04/10/2024 11:29,04/10/2024 12:22,00:53:41,1,1,C,131965,131740,132210,-45,-225,-397,65,04/10/2024,Compra,131950,131745,-41,-15,5,-10,4
WINV24,04/10/2024 13:43,04/10/2024 14:37,00:54:27,1,1,V,131960,132040,132210,16,80,-381,81,04/10/2024,Venda,131945,132050,21,-15,10,-5,5
WINV24,08/10/2024 09:13,08/10/2024 09:16,00:03:38,1,1,V,131285,131080,130375,-41,-205,-422,-41,08/10/2024,Venda,131290,131085,-41,5,5,10,0
WINV24,08/10/2024 09:46,08/10/2024 09:56,00:10:58,1,1,C,130905,130680,130375,-45,-225,-467,-86,08/10/2024,Compra,130885,130680,-41,-20,0,-20,4
WINV24,08/10/2024 10:06,08/10/2024 10:06,00:00:36,1,1,V,130775,130875,130375,20,100,-447,-66,08/10/2024,Venda,130765,130885,24,-10,10,0,4
WINV24,08/10/2024 10:11,08/10/2024 10:12,00:01:19,1,1,C,130665,130730,130375,13,65,-434,-53,08/10/2024,Compra,130685,130740,11,20,10,30,-2
WINV24,08/10/2024 10:14,08/10/2024 10:19,00:04:33,1,1,V,130990,130785,130375,-41,-205,-475,-94,08/10/2024,Venda,130990,130785,-41,0,0,0,0
WINV24,08/10/2024 10:53,08/10/2024 10:54,00:01:15,1,1,C,131190,131280,130375,18,90,-457,-76,08/10/2024,Compra,131185,131280,19,-5,0,-5,1
WINV24,08/10/2024 10:54,08/10/2024 10:55,00:00:15,1,1,V,131265,131295,130375,6,30,-451,-70,08/10/2024,Venda,131260,131285,5,-5,-10,-15,-1
WINV24,08/10/2024 11:15,08/10/2024 11:26,00:10:49,1,1,C,131290,131040,130375,-50,-250,-501,-120,08/10/2024,Compra,131285,131080,-41,-5,40,35,9
WINV24,08/10/2024 11:51,08/10/2024 12:17,00:26:18,1,1,V,131595,131390,130375,-41,-205,-542,-161,08/10/2024,Venda,131590,131385,-41,-5,-5,-10,0
WINV24,08/10/2024 14:17,08/10/2024 14:38,00:21:31,1,1,C,131490,131775,130375,57,285,-485,-104,08/10/2024,Compra,131485,131785,60,-5,10,5,3
WINV24,08/10/2024 15:11,08/10/2024 15:42,00:30:57,1,1,V,131785,131880,130375,19,95,-466,-85,08/10/2024,Venda,131765,131885,24,-20,5,-15,5
WINV24,08/10/2024 15:49,08/10/2024 16:07,00:17:55,1,1,C,131695,131485,130375,-42,-210,-508,-127,08/10/2024,Compra,131685,131480,-41,-10,-5,-15,1
WINV24,08/10/2024 17:07,08/10/2024 17:09,00:02:09,1,1,V,131690,131775,130375,17,85,-491,-110,08/10/2024,Venda,131710,131785,15,20,10,30,-2
WINV24,08/10/2024 17:09,08/10/2024 17:10,00:01:30,1,1,C,131700,131735,130375,7,35,-484,-103,08/10/2024,Compra,131685,131740,11,-15,5,-10,4
WINV24,09/10/2024 13:30,09/10/2024 13:41,00:11:03,1,1,C,130155,129925,130375,-46,-230,-530,-46,09/10/2024,Compra,130150,129945,-41,-5,20,15,5
WINV24,09/10/2024 15:26,09/10/2024 17:50,02:23:04,1,1,V,130130,130045,130375,-17,-85,-547,-63,09/10/2024,Venda,130005,130050,9,-125,5,-120,26
WINV24,10/10/2024 09:30,10/10/2024 09:31,00:01:03,1,1,C,130035,130170,130375,27,135,-520,27,10/10/2024,Compra,130040,130190,30,5,20,25,3
WINV24,10/10/2024 09:31,10/10/2024 09:31,00:00:09,1,1,V,130085,130220,130375,27,135,-493,54,10/10/2024,Venda,130075,130240,33,-10,20,10,6
WINV24,10/10/2024 09:31,10/10/2024 09:31,00:00:05,1,1,C,130035,130150,130375,23,115,-470,77,10/10/2024,Compra,130040,130130,18,5,-20,-15,-5
WINV24,10/10/2024 09:31,10/10/2024 09:39,00:07:38,1,1,V,130070,130150,130375,16,80,-454,93,10/10/2024,Venda,130045,130140,19,-25,-10,-35,3
WINV24,10/10/2024 09:39,10/10/2024 09:41,00:01:57,1,1,C,130065,130120,130375,11,55,-443,104,10/10/2024,Compra,130040,130120,16,-25,0,-25,5
WINV24,10/10/2024 09:41,10/10/2024 09:57,00:16:25,1,1,V,130350,130145,130375,-41,-205,-484,63,10/10/2024,Venda,130345,130140,-41,-5,-5,-10,0
WINV24,10/10/2024 10:20,10/10/2024 10:33,00:12:21,1,1,C,130250,130040,130375,-42,-210,-526,21,10/10/2024,Compra,130240,130035,-41,-10,-5,-15,1
WINV24,10/10/2024 10:53,10/10/2024 12:14,01:20:20,1,1,V,130545,130345,130375,-40,-200,-566,-19,10/10/2024,Venda,130545,130340,-41,0,-5,-5,-1
WINV24,10/10/2024 13:48,10/10/2024 14:09,00:20:28,1,1,C,130250,130035,130375,-43,-215,-609,-62,10/10/2024,Compra,130240,130035,-41,-10,0,-10,2
WINV24,10/10/2024 14:42,10/10/2024 17:50,03:07:43,1,1,V,130475,130435,130375,-8,-40,-617,-70,10/10/2024,Venda,130645,130440,-41,170,5,175,-33
